151.45403	68.864944
153.60265	70.36092
155.65384	71.74556
158.1433	74.11585
159.03703	76.44444
159.34921	79.190475
159.5463	82.74074
159.6588	85.36051
159.93124	91.04583
160.23904	94.05777
160.70409	101.0449
160.88281	104.66406
161.16008	109.83597
161.68582	117.59579
162.06395	121.63372
162.90694	129.80475
163.271	133.75572
164.0947	139.69128
165.1	146.97708
166.03894	150.39139
167.69626	156.37617
168.18974	158.8923
168.76198	161.17572
169.70512	163.60738
170.08696	165.07391
169.98947	167.21317
170.04497	168.4418
169.3254	169.47354
168.09677	169.75807
166.54762	169.791
165.0594	169.50247
163.71153	168.96875
162.4541	167.78502
161.0975	166.375
160.2475	165.3875
159.23189	164.14493
158.24615	163.28975
156.95581	161.8442
155.77315	160.78703
154.30519	159.32684
152.9026	158.07143
150.86287	156.54219
148.96735	155.07755
147.00407	154.05714
145.09033	153.96219
143.63992	154.03497
141.19095	154.9567
139.61894	155.78194
139.14468	157.57234
138.97528	160.03992
139.42912	163.60919
140.64648	167.14062
142.24692	171.96503
143.09178	173.96378
144.26903	176.62228
145.47917	178.83333
146.96666	180.7359
148.17357	182.1943
149.07268	183.06105
150.70659	184.4491
151.27045	185.56918
151.8607	186.94722
152.51396	188.11453
153.44101	190.26967
154.87059	190.87059
156.25	191.1647
157.18587	191.09163
158.21535	190.24506
158.83253	188.25119
158.97235	186.3848
158.65982	184.04338
157.77644	181.58894
155.9564	180.1282
153.8601	179.86528
151.87962	180.36806
149.28082	181.39497
146.86386	183.01237
145.08974	184.67693
143.60106	186.80054
142.49492	188.34772
141.35449	190.32805
140.5678	192.2613
140.4366	194.0706
141.0225	197.0875
141.5321	199.16284
142.22665	200.64697
142.88383	201.57913
143.96022	202.70454
145.2487	202.79793
145.59006	202.65994
147.12207	201.7078
148.18948	200.25551
148.63803	198.85352
148.56906	197.12431
148.44675	195.71005
147.3875	194.305
146.08224	192.76624
144.1086	190.64027
142.63513	189.02335
139.96956	186.78912
137.60924	184.34454
135.14618	181.85382
132.5805	179.1695
130.02905	176.42531
127.80544	173.3661
125.10656	169.99385
122.343285	166.66418
119.75848	163.61653
117.28251	162.17041
114.26786	160.80803
110.96218	159.79411
107.33465	158.71654
104.0636	157.99562
101.32314	158.03493
99.16744	158.7535
97.33409	158.96364
95.926605	160.03441
95.38744	161.45238
95.23566	163.18443
95.451416	164.583
96.57347	166.44286
98.932434	168.64865
101.70437	170.51785
105.00803	172.21687
109.08846	173.95384
113.46743	175.12643
117.428276	175.68648
120.83575	175.72464
123.73913	175.54347
126.22513	174.98691
128.37439	174.39854
130.46269	173.47762
132.01892	172.45676
134.02153	171.20813
136.52864	169.94052
139.26506	168.9719
142.52756	167.83267
146.16159	166.96008
150.04771	166.24237
154.27667	165.9249
158.53975	165.67574
161.82259	165.73732
165.21921	165.51724
168.60698	165.44884
172.07834	165.10138
175.25471	164.40094
177.69577	163.21957
179.7766	162.13829
181.54294	162.11656
183.50653	162.36601
185.18259	162.47752
186.73494	162.33736
187.99123	162.51755
188.56284	163.23224
189.03743	164.07219
189.33606	164.55464
189.14452	165.49133
188.34807	166.14088
187.2348	166.5663
185.85904	166.75266
183.68956	167.06868
181.65025	168.46373
179.77722	170.35149
178.37297	171.78648
176.97879	172.50304
175.77058	172.85
175.02284	173.03046
173.98969	172.54897
173.0169	171.60387
171.5	170.08755
168.96352	168.3691
166.32857	166.80817
163.01949	165.0671
159.51064	163.6
155.77255	162.0549
151.3374	160.14024
146.89285	158.03175
142.56415	155.96037
137.79964	153.80144
132.99828	151.74913
127.95	149.83621
122.65036	147.97282
117.17668	145.96466
111.623215	143.68214
106.19965	141.27777
100.60469	138.55415
95.71722	136.54099
91.13095	135.36905
87.00219	134.92982
83.5025	134.7225
79.49783	135.45454
75.57059	136.10785
71.935036	136.52559
67.59109	136.59108
63.352364	136.51575
59.323788	136.11453
56.0575	136.1675
52.87958	136.42409
51.01064	136.75798
49.55	137.72382
48.255707	139.76485
48.032753	141.8144
48.34519	143.95607
49.362705	146.54918
51.351627	149.38414
53.838173	152.38382
56.966385	155.53572
60.374493	158.63968
63.95248	162.19008
67.911156	165.9029
72.05	169.486
76.24896	173.17842
80.65415	176.71146
85.1318	179.91214
89.08212	182.76086
92.468254	184.67725
96.38625	186.282
100.42888	188.14224
104.231606	189.98268
108.4877	192.23361
113.792305	195.84038
117.829544	198.16591
121.28788	199.66162
124.705185	201.43396
128.39713	202.36124
131.88498	203.1784
135.03093	203.56444
137.77457	203.67342
140.1131	203.7262
142.36012	203.4762
143.96814	202.70589
145.2802	201.63768
146.73198	200.02026
148.32143	197.6183
149.36493	195.2583
149.77881	192.78111
149.61087	189.57173
148.80426	185.38298
148.40973	183.14583
147.59908	180.0023
146.82579	176.90271
146.12755	174.04591
145.245	171.6225
144.09624	169.5939
142.76653	167.3392
141.62273	164.83636
140.64035	162.39473
139.54329	159.92857
138.53319	157.43584
136.64783	155.27826
135.06627	154.2249
132.51498	152.6779
129.21617	151.52068
125.94118	151.04411
122.041046	150.82275
119.04656	150.97774
116.45935	152.01016
114.06972	153.35657
111.427986	155.08437
108.965164	157.35655
104.90476	160.72818
102.02273	162.99432
100.03831	164.52621
97.45513	166.2799
95.96231	168.25377
94.73176	170.16524
94.016	172.014
94.07037	174.51297
94.859436	177.43373
96.78138	180.12955
99.43536	182.54942
103.171486	185.21281
107.65022	187.76682
110.133484	189.11539
113.62562	190.58867
117.086296	192.04568
120.52655	193.48451
124.421165	194.62448
129.12291	195.8375
133.85837	196.72533
138.74458	197.38745
143.4475	197.88812
147.86877	198.3914
151.58717	198.83333
155.1776	198.95082
158.2147	198.99411
160.55247	199.62654
162.68828	200.25
165.04942	200.02907
166.89772	199.4233
168.55154	199.05412
170.23404	198.32979
171.34973	197.07924
172.07732	195.95103
172.51492	194.60696
172.0	193.12254
170.46568	191.36029
168.64084	189.78639
166.00708	188.0283
163.14734	186.55072
160.25722	185.41586
157.16827	185.04086
154.17233	185.28883
151.14594	185.89713
148.90431	186.70813
147.52403	187.97597
146.76785	189.39955
146.26976	192.2093
146.21227	194.47406
146.64767	196.85233
147.52551	198.29082
148.67413	199.08955
150.5683	199.45366
152.70476	199.08333
155.41232	198.18483
157.94836	196.75352
160.73004	194.9507
163.1807	192.88614
165.36041	190.7335
167.05699	188.22021
167.90178	185.71205
168.38675	182.50854
167.88956	178.7992
167.18146	175.01411
166.25911	170.81984
165.50565	166.34587
164.56203	161.5564
163.74542	156.44688
163.05225	151.17351
162.60489	145.8077
162.12636	140.09927
161.5934	134.15384
161.0265	128.00354
159.79506	122.10071
158.37636	116.181816
156.68571	110.38393
155.37862	106.83152
153.27979	101.16968
150.43309	94.02416
147.92322	89.01685
144.83597	84.2332
141.42262	80.22222
139.2716	77.73045
134.40123	73.21194
131.96861	70.91841
127.40678	66.419495
125.04979	64.056015
121.78821	60.641922
118.33565	57.65972
114.247665	55.093456
108.74781	52.335526
106.12669	51.162895
102.00237	49.760662
98.559586	49.66062
95.68814	50.54639
92.90233	51.748837
90.24882	53.7891
88.09641	56.257847
86.0023	59.144497
84.10539	62.09559
82.923645	65.24631
82.085304	68.86493
81.759575	72.44042
82.09127	76.59524
83.152435	81.058945
84.55513	85.56274
86.22097	90.44944
88.131485	95.32222
90.38225	100.32971
92.88028	105.98943
95.68855	111.06566
98.55789	116.28772
101.75581	121.37209
105.332146	126.77143
108.55735	132.25986
111.79152	137.16962
115.37755	142.58504
118.93493	147.55309
122.41391	151.92053
126.291664	156.7257
130.24199	161.25446
133.85948	165.44344
137.54477	169.69217
141.16856	173.95265
144.56055	178.18555
148.00403	182.07863
150.82542	185.84267
153.44853	188.78676
155.6243	191.11017
157.38235	192.77353
159.04192	194.04192
160.0	195.6646
160.77777	197.42105
161.76767	198.60858
162.37886	200.22423
162.68135	202.20207
162.76286	203.50285
162.68478	204.83968
161.87366	206.21506
160.42064	207.23016
158.07692	207.9282
155.46446	208.10426
152.39862	208.14285
148.91814	207.83408
144.97058	207.08371
141.09091	206.25542
137.06035	205.08405
132.55948	203.55727
128.29045	201.95644
123.640816	199.95102
119.48133	198.20955
114.87285	196.375
110.72103	194.7854
106.84188	192.30983
103.44239	189.55762
100.64176	186.34483
97.64286	182.70436
94.60757	179.44223
91.036736	175.47755
87.706	171.988
84.05173	167.96935
80.39847	164.05746
76.388885	160.3463
72.056816	156.59848
67.802734	153.6289
63.32874	150.59645
59.012245	148.12245
55.364285	145.90715
51.992386	145.07614
49.310608	144.70454
46.634617	145.04567
44.42118	145.76355
43.393566	146.60892
42.82944	147.96729
43.5	150.21587
44.495556	152.02222
46.311966	154.31837
48.830433	156.84348
51.96901	159.53513
55.092827	162.59494
58.28074	165.65573
61.802906	168.9087
65.61618	172.49792
69.69922	175.75
73.91358	179.02469
78.43033	182.15779
83.14609	185.14815
87.76327	188.00204
92.604416	190.80724
97.4004	193.69322
102.35685	196.25311
107.28261	198.67392
112.18277	200.79622
116.64847	202.28603
120.45853	202.80646
124.07407	202.48842
127.934685	201.25226
131.36797	199.2316
134.86147	196.8355
138.32716	194.11522
141.49802	191.56522
145.20576	189.04732
149.05992	186.72107
153.264	184.438
156.98207	182.498
161.03648	180.6502
164.59566	179.05652
168.45778	177.77556
171.9935	176.41342
175.53572	175.3549
178.30597	174.18906
180.28818	172.63547
182.06787	171.12218
183.61255	168.65584
184.66109	165.53975
184.96944	162.00218
184.85162	158.30692
184.31927	154.30522
183.37354	150.05836
182.6129	145.7379
181.56084	141.46008
180.52182	137.08134
179.3874	132.81679
178.27043	128.40855
177.20117	123.74805
176.20818	119.24907
175.42235	114.22538
174.69495	109.279785
174.23674	104.49592
173.63722	99.79511
173.08008	95.0
172.50603	90.60241
172.04915	86.226494
171.18527	82.9933
169.46848	79.97298
167.21777	77.13778
164.39177	74.78571
161.25342	72.46575
158.33014	71.33732
155.74641	71.06938
152.70444	71.166664
149.61539	71.60256
146.15164	72.172134
142.17143	73.10204
138.25775	73.76744
133.78015	74.68482
129.48215	75.27976
124.84363	75.88996
120.0572	76.435425
115.09886	76.56084
110.42379	76.565056
105.47389	76.395584
100.81086	76.505615
95.97843	76.28236
91.34274	76.241936
86.12109	76.30078
81.21875	76.75195
76.162605	76.955284
71.63563	77.38664
67.175	77.847725
62.84598	78.54018
59.12683	79.19268
56.351757	80.66834
54.416267	82.40909
52.818386	84.618835
51.746696	87.52643
51.405983	90.88034
51.759182	94.28163
52.31474	98.44223
53.199203	102.4004
54.590725	106.6996
56.251984	111.0377
58.633205	115.415054
61.1	119.96863
63.742367	124.49236
66.62956	128.9635
69.55948	133.73978
72.56134	138.69516
75.33271	143.79369
78.221634	148.82092
81.1487	154.04646
83.74535	159.08365
86.45848	164.2112
88.93797	169.51128
91.66111	174.58519
93.86914	179.83398
95.926926	184.83076
97.81346	189.77692
99.79492	194.97852
101.80488	199.62805
103.46528	203.79398
105.312805	207.48769
107.19133	210.69388
108.92033	213.85165
110.48324	216.36313
112.40278	218.58333
114.21717	220.08081
116.487686	221.55173
119.298965	222.35309
121.60541	222.25136
124.40865	221.37741
127.00474	220.01184
129.875	218.27696
132.70628	216.3408
135.9717	214.14388
139.20737	211.93779
143.0362	209.51584
146.9731	207.22646
151.04425	204.81859
155.19676	202.63658
159.30365	200.33105
163.4638	198.26244
167.15654	196.14018
170.51485	194.35396
173.20726	192.40933
175.25	190.01
177.1737	187.35211
178.78947	184.26973
180.20404	180.83856
181.38528	177.14719
182.50847	173.12712
183.41125	168.95238
184.67635	164.9025
186.05122	160.28073
187.74034	156.11159
189.56067	151.82217
191.91702	147.71277
194.40213	143.79149
197.12775	139.83481
199.80856	136.31757
202.64146	132.47804
205.02899	129.42029
206.96257	126.449196
208.4153	123.69125
209.56627	120.97891
210.63661	118.21584
211.41853	115.22753
211.83333	112.166664
211.62903	109.252686
211.18382	106.46814
210.09756	103.24634
