123.86646	42.795033
123.01863	45.593166
121.5296	47.62829
119.67974	49.36928
117.89933	50.41275
116.139244	51.060127
114.33132	51.406628
112.88012	51.415203
111.24545	51.054546
109.98538	50.31579
109.29518	49.578312
108.103775	47.9717
107.99338	46.56954
108.1625	45.278126
108.569534	44.152317
109.298195	43.53012
110.237656	43.36111
111.0	43.811687
111.90741	44.93827
112.392265	46.508286
112.27095	48.37151
111.72527	50.56868
110.7619	52.535713
109.4019	53.892406
107.64907	55.462734
106.11224	56.37415
104.54934	56.907894
103.26821	57.013245
101.93155	57.107143
100.86184	56.661182
99.70608	56.006756
98.677216	55.234177
98.5	54.1118
98.48137	53.217392
99.049416	52.270348
100.05195	51.12987
100.95973	50.409397
102.03061	49.84694
103.535034	49.65605
105.21429	50.003246
107.094154	50.717533
108.685814	51.88851
109.78966	53.186207
110.319016	54.585888
110.58683	55.886227
110.9441	57.36646
111.38194	58.78125
110.930145	59.882355
110.44546	60.9
110.21154	61.736263
109.534164	62.92236
109.07273	63.939392
108.27976	64.729164
107.69118	65.0
106.47895	65.073685
104.63661	64.68306
102.95898	63.941025
101.9382	63.02528
101.350296	62.371258
100.63333	60.730305
100.44253	59.485634
100.666664	57.915092
101.25893	57.059525
101.864456	56.29819
102.491806	56.092896
103.57062	56.265537
104.57317	56.92988
105.452515	58.276535
105.88833	59.89086
105.994705	62.097885
105.875694	64.23757
105.388535	65.6656
104.94277	67.650604
104.259865	68.677635
103.43259	69.786514
102.75	70.572914
101.55248	71.67127
100.35915	72.79225
99.37109	73.625
98.62102	74.6465
97.74719	75.30056
96.83249	76.31218
96.02339	77.23392
95.47222	78.333336
95.202774	79.727776
94.674866	81.07104
94.388885	83.1256
94.22423	85.22423
94.26596	86.5133
94.46199	88.049706
94.92857	89.67602
96.339195	91.85678
97.72398	94.38914
99.660255	97.03632
101.55794	99.7897
103.37285	102.61423
105.33796	105.57176
107.10488	108.71707
108.75668	111.2754
110.14412	113.90882
111.672775	116.23299
112.88961	118.39286
114.36982	120.52367
116.06497	122.87853
117.15962	125.61737
118.36947	128.57744
119.51357	132.33484
120.26802	136.63289
120.794	141.152
120.84728	145.04393
121.22	148.69556
121.2104	152.15384
121.55924	156.21564
121.4249	160.4163
121.33193	163.22899
120.47598	169.39302
119.78935	172.00232
118.957146	175.95143
118.15833	178.80278
117.47794	180.4951
115.51621	184.13513
114.50848	185.45198
112.17919	187.81792
110.03261	188.70381
108.59605	188.76836
106.10156	188.79948
105.072914	188.64844
102.58491	186.55188
101.53304	184.92511
100.529915	181.43803
100.34103	177.78206
101.08772	175.38304
102.172516	173.78947
103.51768	172.43434
105.16483	171.58241
106.771736	171.08424
108.45767	171.26456
110.375	172.00961
112.23474	173.3216
114.36842	175.37082
116.77336	177.73831
118.49505	179.79208
120.556755	181.92433
122.08523	184.07103
123.149124	185.84503
124.54011	188.28342
125.4422	190.80637
126.12857	193.46286
126.43104	196.50862
126.30867	199.42346
125.89683	202.2328
125.68041	205.78867
125.36364	207.70303
124.88387	209.46452
124.12666	211.08
123.12048	212.40663
122.6229	213.28212
121.19399	214.01093
119.78409	214.17046
117.85844	213.35542
116.52139	212.3369
115.15691	210.51329
114.331635	208.51785
113.971794	205.67693
113.893936	202.65152
114.14721	200.02792
114.45143	197.69429
114.27907	195.43605
114.27419	193.2258
114.62209	191.64244
114.8771	189.21788
115.316666	187.29167
115.96875	185.48177
116.47354	184.13757
116.87346	182.71913
117.53797	181.03165
118.527275	180.05757
119.81579	179.14737
121.11675	178.066
122.54651	177.125
124.025154	175.96227
125.610214	175.00269
126.98477	174.0
127.79397	173.56282
128.46782	173.43813
129.24187	172.52791
129.71078	170.61519
129.93633	168.58963
130.0558	165.9866
129.46927	162.6332
128.56122	159.51633
127.76626	156.06708
126.75605	152.4758
125.76923	148.5577
124.94468	145.16595
123.84931	141.23288
123.45192	137.39903
123.700935	133.01169
124.33936	129.36652
125.54185	125.77093
127.65753	123.121
129.91283	121.19743
132.19211	120.3421
134.92308	120.42308
138.12955	121.83182
140.61037	123.84234
142.47368	126.375
143.83406	129.24672
144.89594	132.3982
145.691	136.09657
146.17917	140.06876
146.17078	144.38683
146.10527	148.01097
146.09483	150.6954
146.02234	153.74301
146.18878	156.38776
146.14888	158.32866
145.99722	160.61667
146.50273	162.95628
146.62984	165.54973
146.66579	168.22894
146.62212	170.99078
145.86256	174.2109
144.94266	177.2546
143.875	180.5
142.44977	184.27272
141.12563	187.0176
139.66489	189.26596
137.62428	190.90462
135.60326	192.27989
133.36787	193.12694
130.799	193.10805
127.70244	192.32195
125.12953	191.18135
122.5291	189.55292
120.20321	187.88503
118.41005	186.40475
115.766495	184.68527
113.66931	182.90475
111.73494	181.28313
109.33143	179.84572
106.82804	178.74603
104.59149	177.87872
101.565125	176.88655
98.09389	176.20087
94.208694	176.08261
90.10613	176.24057
85.94524	176.65953
81.39352	177.25926
77.31971	178.03847
73.01435	179.11961
68.91071	180.42603
64.6975	181.9375
60.855263	183.66579
57.7807	185.48538
55.233128	187.44785
53.63889	188.98766
52.38199	190.79503
51.533558	192.58054
51.27778	194.27037
51.598724	196.08281
52.351517	197.68484
53.38125	199.15312
54.56818	200.1526
55.969326	200.57056
57.791668	200.53526
59.41718	200.0276
61.362274	199.10179
63.69643	197.90178
66.08239	196.74147
68.432205	195.70056
71.08649	194.72162
74.01945	193.875
77.35946	192.7946
80.52835	191.88402
84.3648	191.02806
88.188484	190.35864
92.663414	189.49268
96.86388	188.93456
101.62322	188.2275
106.31068	187.44174
113.5125	185.6375
123.5	182.38812
130.5669	181.0317
135.09375	180.67708
138.90396	180.12712
143.0925	179.7325
147.1825	179.31
151.6275	179.2025
155.53242	179.34865
159.801	178.81343
163.7975	178.2425
168.01523	177.21573
172.0285	175.85751
175.48964	174.16321
177.77608	172.33435
179.4774	169.81073
180.6909	168.0091
181.12222	165.72778
181.209	163.16138
181.04797	160.46213
180.84079	157.80348
180.72223	154.61363
180.77228	151.50743
180.76364	148.15681
180.68536	144.73903
180.55	141.98056
180.61798	138.99158
181.08708	135.86517
181.6194	132.59453
182.31343	129.22388
183.19598	125.72613
184.09793	122.24484
184.50502	118.798996
184.80107	115.583336
184.8267	113.10511
184.76163	110.915695
183.84822	108.49107
183.03693	106.42898
181.83578	104.15196
180.01932	101.44444
177.875	98.31373
175.82683	94.95366
173.87851	91.439255
171.97223	87.76157
169.83911	83.80198
167.93317	79.928215
166.39618	76.830605
164.43466	73.66477
162.35597	70.75
160.51881	68.08064
158.90698	65.95349
157.65152	63.966667
156.5	61.849712
155.53159	59.81842
154.66856	57.62
153.77303	55.69408
152.98508	53.955223
152.06918	52.003143
151.32727	50.118183
150.42978	47.879215
149.38823	45.911766
148.18013	43.88199
146.88591	42.24832
145.25641	40.634617
142.69281	38.931374
140.03615	37.41265
136.5539	35.673653
133.09593	34.24128
129.09567	32.76852
125.75	31.708334
122.22517	30.807947
119.2226	30.41096
116.17021	30.031916
113.132866	30.041958
109.909676	30.4
106.34036	30.680723
102.74709	31.130814
98.877304	31.460123
95.142426	31.99091
91.90071	32.83688
89.25926	33.781483
86.89789	34.954224
84.35906	36.634228
81.50974	38.577923
78.70937	40.440624
75.74412	42.520588
72.34615	45.026627
69.06857	47.57143
66.98494	49.692772
65.29299	52.305733
63.893333	54.796665
62.829113	57.401897
61.654762	60.145832
60.942856	62.4
60.32941	64.608826
60.50641	66.55449
60.614456	68.593376
60.91617	70.661674
61.412567	73.09836
62.45402	76.1523
63.5989	79.38736
64.79353	83.28856
65.96392	87.04124
67.58796	91.43519
69.06635	95.957344
70.39485	100.74034
71.52252	105.795044
72.38616	110.80357
73.35586	115.90766
74.545456	121.17532
75.952	126.796
77.48485	132.0974
79.11885	137.6004
80.79348	142.95435
82.6969	148.50443
84.82979	154.19574
87.00422	159.74684
88.82391	165.24783
90.4386	170.1908
92.39035	175.63597
94.1895	180.66438
96.343895	185.57466
98.262886	190.15979
101.58212	196.16425
103.03061	199.21684
105.36432	203.64322
107.30693	207.83168
109.174286	211.93143
111.75883	215.41765
113.96745	218.10355
115.88851	219.96959
118.039856	221.48914
119.61157	222.66116
121.51761	223.17606
123.166664	223.05782
124.539215	222.81699
126.205696	222.3038
127.90719	221.18863
129.61728	219.30556
131.4137	217.14583
133.37134	214.89473
135.85548	212.14452
138.6105	209.70718
141.83937	207.20207
145.5677	204.72656
149.09563	202.66394
153.05759	200.23822
156.61453	198.51396
160.54546	196.70303
164.05933	195.19774
167.78334	193.56667
171.24463	191.91936
174.8476	190.00534
178.69836	187.91304
182.46216	185.6865
186.64835	182.96428
190.66022	180.47514
194.8267	177.60228
199.0449	174.69162
202.8091	171.87576
205.62187	169.04375
207.57716	165.81172
208.87988	162.61732
209.64072	158.84132
210.0866	154.87709
210.44722	150.9611
210.48795	147.70181
209.84259	144.41049
209.35843	142.30724
208.23714	137.46571
207.58064	134.88979
205.9145	129.53886
205.11539	126.64103
203.84518	122.266495
202.69072	117.57217
201.61194	113.097015
200.44765	106.819374
199.88441	103.91708
198.71774	99.3414
197.39154	94.98148
195.7335	90.59644
193.90816	86.25255
191.77179	82.120514
189.64131	78.258156
187.38623	74.69461
185.35236	71.41275
183.5994	68.39759
182.09827	65.2341
180.67027	61.924324
179.35393	58.564606
178.18678	55.38793
177.01315	52.648026
175.53473	50.00347
173.72672	47.152172
171.46783	43.991226
168.81438	41.16168
165.60947	38.369823
161.80994	35.745613
157.71472	33.512268
153.55414	31.506369
149.75308	29.67284
145.48065	27.803226
141.78667	26.17
138.19708	24.427008
135.44308	23.524391
132.39345	22.614754
129.04366	21.623016
125.793106	20.782759
122.17114	20.114094
118.23148	19.854939
114.045456	19.678787
109.50629	19.515724
105.04276	19.282894
100.86	19.053333
96.72069	19.096552
92.64643	19.403572
88.651726	20.003448
84.6192	20.844372
80.43667	22.166666
76.61613	23.658064
72.73418	25.686708
68.83108	28.125
65.39216	30.513071
61.986843	33.12171
59.190475	35.962585
56.8	39.116665
54.9527	42.23311
53.70779	45.016235
53.16879	48.337578
53.196877	51.43125
53.574852	54.937126
53.73611	58.422222
54.024323	62.264866
54.12105	66.19211
54.229168	70.114586
54.314518	74.33871
54.294117	78.286095
54.0027	82.39189
53.285713	86.32417
52.403553	90.31218
51.62434	93.494705
50.928993	96.53255
50.585712	99.56857
50.31579	102.53421
50.244736	105.53684
50.78293	108.73659
51.80752	112.80974
52.960354	116.88987
54.286366	121.36818
55.80042	126.05462
57.35023	130.8848
59.01446	135.84917
60.686695	140.80472
62.425926	145.8251
64.0795	150.7364
65.86626	156.29218
67.22574	161.8502
68.58225	167.13637
69.58178	172.54205
70.75	177.96428
71.77523	183.18349
72.65046	188.5463
73.69444	193.84259
74.58878	198.59813
75.75549	202.98352
76.79448	206.046
77.60507	208.65218
78.78621	210.96896
79.98189	212.87682
81.571915	214.30821
83.59938	215.87578
85.35345	217.09483
87.55026	218.10052
90.974434	218.74716
94.420586	218.8
98.142456	218.6676
102.440414	218.29016
106.832436	217.7973
111.226776	217.12842
115.5	216.28415
120.24865	215.28378
124.455055	214.39607
127.97619	212.9375
130.87283	211.21965
133.45349	209.40988
135.87772	206.89946
137.81606	204.1684
139.57474	201.21907
141.4307	197.77971
143.71117	194.12135
146.06308	190.49533
148.57397	187.21428
151.51219	183.5439
154.13084	180.03738
156.79744	176.63333
159.28883	173.23544
161.07924	170.66667
162.16573	167.99158
162.9775	165.1275
163.56416	162.31638
164.10638	159.64096
164.60693	157.17052
165.08788	155.51515
165.74397	153.88554
166.98895	151.79558
168.68587	149.75131
171.00526	147.84474
173.73349	146.02594
176.89796	144.23724
179.73016	143.10052
182.78612	142.43056
185.9858	142.1108
189.09575	142.12234
192.37903	142.50537
195.67204	142.80914
199.24419	143.05524
202.4375	142.95738
205.86781	142.56609
209.35548	141.72543
