136.92308	27.541958
136.29323	26.718044
135.1952	26.174658
133.41216	25.510136
131.54453	25.332191
129.82979	25.69149
128.7774	26.69863
128.28716	28.010136
128.81046	29.264706
129.69063	30.9
130.61111	32.67284
131.5884	34.46409
132.13506	36.068966
132.23636	37.82424
131.81316	40.12105
131.21951	42.570732
130.34651	45.297676
129.11111	48.536232
127.63333	52.057144
125.79302	55.518604
124.02427	58.713593
121.75122	61.646343
119.52973	63.956757
116.73977	65.16959
114.10363	66.34715
111.430855	66.80053
109.64286	66.354164
108.04386	65.73684
105.690475	64.49762
103.85176	63.188442
101.93842	61.891624
100.142136	60.624367
97.49261	59.448277
95.53513	59.08108
93.724434	59.565342
92.608696	60.413044
91.801544	62.00258
91.37745	64.04412
91.40441	66.20098
91.81313	68.58839
92.0133	71.114365
92.319046	73.5
92.49744	75.684616
92.98305	77.54237
93.643616	78.90958
94.84309	79.86702
95.6371	80.379036
96.85439	79.97527
98.10909	79.170456
99.4424	77.51152
100.02754	75.22458
100.38354	72.395584
100.59583	68.916664
100.71339	65.55858
101.23982	62.4457
101.80257	59.57436
101.935394	57.230335
101.468575	55.10857
100.87297	52.713512
100.17066	50.703594
99.315155	48.769695
98.25777	46.717392
96.72611	44.92675
95.43007	43.20979
93.79348	42.655796
92.86184	42.273026
92.244385	42.25562
91.59509	42.938652
91.680984	43.7546
91.83989	45.117977
92.34278	46.631443
93.03866	48.59536
93.4798	50.550507
93.64948	52.551548
93.73659	54.682926
93.84507	56.929577
93.72685	59.775463
93.94163	62.13198
94.36364	63.342247
95.248604	64.09776
95.352776	64.42778
96.04645	63.756832
96.59635	62.875
97.02487	61.097015
97.61416	58.657536
98.31925	56.115025
98.73184	54.27095
99.46405	52.718956
100.12573	50.730995
101.048294	48.803978
101.95783	46.79518
102.83103	45.375862
104.38509	44.02174
105.78416	43.01366
107.674126	42.099503
109.9598	41.552765
112.70408	41.283165
115.476524	41.448357
119.05147	41.769608
122.28158	42.255264
124.93865	43.174847
127.549385	44.54321
129.43353	45.8237
130.92197	47.416183
131.70294	48.52941
132.0055	49.837914
131.83153	51.16848
131.2233	52.832523
130.1323	55.116592
128.98148	57.48148
127.22785	60.649788
125.731094	63.789917
123.98133	67.122406
122.45022	71.02814
120.95935	75.05488
119.28571	79.22059
117.81961	83.52353
116.31743	87.582985
115.6	90.70652
114.59174	94.45413
113.79657	97.161766
112.533936	99.9819
111.00211	103.23418
109.680145	106.599266
108.203705	111.159256
107.16543	115.37175
105.81903	120.333954
104.52662	125.19012
103.13869	130.55656
101.37132	135.68567
99.91103	140.88257
98.492905	145.39185
96.74399	150.75774
95.12076	156.03584
93.74468	161.08156
92.397766	166.7658
91.66794	172.2481
91.438	177.788
91.77778	183.17816
92.105	186.4075
92.98698	189.22917
94.26601	191.41379
95.04657	192.57843
96.79487	193.42308
97.807106	193.4594
98.76263	192.04797
99.6696	190.28413
100.41485	188.98035
101.75397	185.65277
102.54902	183.29019
103.658	177.776
104.30478	174.79283
105.31035	170.2567
105.789856	165.85869
105.9	161.48302
105.58947	156.03859
104.91246	150.72223
104.30339	145.78983
102.96329	140.5035
101.3391	135.23875
99.26259	129.49281
97.33696	124.652176
95.80742	119.64841
94.029106	114.45206
92.224754	109.44625
90.37011	104.3274
88.13971	98.86581
85.85603	94.19066
83.71484	89.052734
81.259766	83.884766
79.27542	79.894066
76.664505	76.25974
73.924446	72.87111
71.76816	70.54469
69.78161	68.80173
67.254234	67.217514
64.64848	66.357574
62.204144	66.17751
60.5	66.59146
59.588398	67.27072
58.86702	68.65426
59.064865	70.067566
59.380554	71.655556
60.173294	73.14489
61.373627	74.86813
62.907215	76.43557
65.109375	77.53646
67.61194	78.26368
70.33416	79.14604
73.13778	80.19778
76.277054	81.03463
79.91703	81.672485
83.99359	82.45727
87.95888	82.95888
92.65927	83.241936
97.411644	82.89156
102.47177	82.1875
107.065735	81.0996
112.45686	79.41961
117.24348	77.11087
122.14609	74.59876
127.02642	71.81707
131.70168	68.844536
136.29167	65.82895
140.78506	62.520363
144.72325	59.02093
147.89433	56.42268
149.97826	54.60598
152.54076	53.024456
154.88461	52.278107
157.20958	51.892216
159.77353	51.79706
162.20857	52.471428
163.93207	53.233696
165.5271	54.83251
166.58612	56.686604
167.02577	58.899483
166.40152	61.065655
165.18518	63.37037
163.33182	65.777275
160.95615	68.682014
158.475	71.95208
156.04771	75.381744
153.51569	79.34118
150.992	83.746
148.24709	88.03502
145.41098	92.708336
142.61382	97.13211
139.90639	99.03425
136.61284	100.42996
133.06458	101.51845
129.07692	103.03846
124.59342	104.974045
119.85019	107.4382
115.408394	110.26527
110.960785	113.486275
106.80189	117.260376
102.669815	121.24717
98.64841	126.284454
95.56566	131.33838
92.530685	136.10469
89.74819	141.23732
86.99416	146.05058
85.032555	149.10464
82.88426	151.46065
80.45475	153.45702
77.41741	155.12723
75.47183	156.88028
73.39819	159.6086
72.108696	162.7253
71.22891	166.40161
70.93827	170.07819
71.27308	174.35577
71.926994	178.28983
73.08458	180.90547
74.0	182.60577
75.00242	183.64009
76.18912	183.82384
77.05385	182.79231
77.86539	181.25641
78.757324	178.80753
79.48393	175.98996
80.92135	172.57117
82.127014	168.98387
83.344826	165.24521
85.0704	160.41336
86.55205	156.0093
88.39965	151.62675
90.91209	146.97253
93.59727	142.3669
96.42593	137.86852
99.47436	133.26007
102.84717	128.16982
106.5	122.92578
109.66346	117.74808
112.74031	112.620155
115.62692	106.94231
117.22695	101.164894
118.227776	95.20185
118.85978	89.649445
119.29084	84.4502
119.68846	78.86539
119.91903	73.76518
120.659836	68.67418
120.87959	63.75102
120.67234	59.35319
120.669014	54.23709
120.619156	50.01168
120.80806	45.616116
121.30846	41.68159
122.359375	39.075
123.06183	37.4543
124.664925	36.026176
126.85753	34.887096
129.5082	34.382515
132.04922	34.215027
135.23317	34.454327
138.68204	35.01699
142.69896	35.937172
146.91667	36.967743
150.125	38.190216
153.40054	40.034946
156.58919	41.74865
159.94836	44.125
162.71727	46.505234
164.58516	48.79121
165.85385	51.328205
166.74524	54.3
167.06635	57.79384
167.33568	61.453053
166.97298	65.39189
166.99348	69.521736
167.37764	73.77215
168.39195	78.83898
169.99197	83.44779
171.80952	88.10714
173.9298	92.84042
175.5234	97.05532
176.68127	101.59562
177.46913	106.23251
177.3797	110.83271
176.8204	115.34286
175.6585	119.290565
174.15294	123.39216
172.35715	127.0671
169.7055	129.46187
166.875	131.9133
163.28775	134.34082
159.73155	135.92213
156.08745	136.9962
151.91576	138.38095
147.89963	140.11679
143.16058	142.9051
139.11734	145.9881
134.75362	149.21921
130.80634	152.86267
127.046394	156.5756
122.91964	160.93393
119.11667	165.38148
115.4343	169.64598
111.72375	174.09589
108.90664	176.72614
105.66346	178.93077
102.20378	180.63446
97.31545	181.81544
92.37234	181.84042
88.49788	181.86441
84.09188	181.9359
79.19612	181.92888
74.56393	181.8927
69.98547	181.96681
65.54605	182.04167
60.426888	181.74292
55.963943	181.30528
52.064434	179.99226
48.84058	178.5145
45.69535	176.19534
42.739037	173.12062
40.367714	169.98206
39.1025	167.25
38.746193	164.71573
39.00223	162.09375
39.760963	158.3728
40.535088	154.63597
41.444214	150.24586
42.27778	145.58974
43.43033	140.83197
44.48718	135.67735
45.41502	130.96443
46.106693	125.688286
46.584446	120.297775
47.20851	115.182976
48.314358	111.569305
49.982143	108.97449
52.224445	106.166664
55.194324	103.34498
58.1299	100.72794
61.399124	98.1579
65.38841	95.20171
69.23237	92.07677
73.318184	88.975204
77.56438	85.83262
81.84025	82.73029
86.62134	79.259415
90.688034	75.83547
95.01991	72.504425
98.85253	70.30645
102.489365	69.17447
106.963264	68.06326
111.38717	67.477875
116.07589	66.595985
120.76025	65.48156
125.90254	64.055084
130.95662	62.40411
135.85844	60.984016
141.06554	59.37136
145.41861	57.934883
150.4561	56.24878
155.18974	54.64359
159.5242	53.448925
163.70294	53.179413
165.79189	53.345947
168.51471	54.284313
171.11708	55.78293
173.53421	58.16579
175.5225	60.2
177.67943	62.535885
180.54292	64.997475
183.3806	66.81094
186.90437	68.62569
189.87878	70.242424
192.01524	72.04269
193.48108	73.17027
195.08884	74.90102
196.47826	76.959236
196.91243	79.00282
197.05025	81.27387
196.52884	83.85817
195.48233	86.77525
194.30698	89.67907
192.58487	93.126144
190.6923	96.859726
188.81497	100.50881
186.71973	104.55605
184.90794	108.67155
183.01219	113.36789
181.70726	117.29273
180.32051	120.33846
178.85378	122.70755
177.00623	124.72407
174.23444	126.917015
171.42223	129.21777
167.92094	131.9921
165.08621	134.76054
161.5543	138.65356
158.47328	142.80344
155.89323	146.98932
152.93071	152.41386
150.81679	156.93512
148.27907	161.24031
146.19467	164.93033
143.40712	168.71146
141.37076	172.64407
140.86992	175.82114
141.33545	179.35654
142.36975	182.65756
143.83476	184.87125
146.10046	185.91324
148.3951	186.0826
150.75636	185.27966
153.02655	183.62169
155.00862	181.27802
156.20338	178.39618
157.1225	175.0221
158.1496	171.04713
158.93951	167.38911
159.95914	163.06226
160.77238	158.15858
161.34644	153.40074
161.78491	148.28113
162.06618	143.09558
162.19702	137.68773
161.84155	132.01056
161.35638	126.723404
160.22263	121.43066
158.2471	116.71815
155.6151	112.29245
152.67223	108.005554
149.80702	103.81754
146.65451	99.4184
143.79744	95.01095
140.6194	90.54291
137.56827	86.4631
134.07648	82.2098
130.48091	78.40649
126.75745	74.30851
122.874	70.738
120.4485	68.40772
115.305786	64.055786
112.692986	61.76535
107.57609	57.880436
104.900444	56.04867
100.75944	53.025944
97.193924	50.476635
93.58696	47.944443
89.63298	45.481384
87.78158	44.939472
84.820854	45.053474
82.312836	46.09893
81.248604	47.086594
80.628716	49.487625
80.62439	50.812195
81.16279	53.32093
81.91703	56.010918
83.008514	59.01915
84.41102	62.32839
85.85306	65.93469
87.535576	69.94664
89.31151	74.09524
91.3	78.46731
93.37218	82.68985
95.35714	87.53475
97.587036	92.39445
99.41135	97.416664
101.25263	102.31403
103.34657	107.10831
105.70144	112.226616
108.31769	117.33574
111.03723	122.663124
113.807014	127.51579
116.21875	132.87152
118.63653	137.53192
121.24825	143.00175
124.07169	148.11214
126.577194	152.4193
129.32819	157.46391
131.91225	161.95033
134.66727	166.8723
137.63733	171.40317
140.53397	175.65283
143.92442	179.84108
147.41667	183.80357
150.87827	187.64131
153.89912	191.08333
155.6495	193.96324
156.5751	196.42703
157.42763	199.5022
157.02164	202.69472
156.14615	205.34872
154.86617	207.79546
152.80803	210.2701
150.47343	212.52657
148.51942	214.24515
146.45901	215.4071
144.44595	215.94324
142.48128	216.41444
139.75623	216.7388
137.40863	216.93655
134.64359	216.22052
132.06807	215.42488
128.5967	214.09906
125.35068	212.76923
121.64486	210.93925
118.136986	209.27397
114.685844	207.49779
110.42889	205.45111
106.80882	204.04411
102.27854	202.5548
99.0354	201.8031
94.36996	201.20853
90.0124	200.44627
85.073395	199.7133
80.6895	199.24658
76.190475	199.05952
71.82379	199.26431
67.48444	199.75111
62.75721	200.57933
58.631943	201.32408
54.55529	201.71394
51.0665	201.55911
47.92217	200.96698
43.952263	199.75629
41.101036	197.81606
38.935184	196.30556
38.12893	195.03145
38.083797	193.65642
37.976315	192.45264
37.469444	190.97778
36.944443	189.55556
36.432884	188.61745
35.907894	187.98355
35.43675	187.63855
34.388573	187.19429
34.069622	186.75316
34.307945	186.36755
35.042763	185.0954
35.37838	184.22432
35.70213	183.72873
36.210983	183.44508
37.251366	183.36885
38.37293	183.00552
39.26923	182.429
40.546448	181.00546
41.89189	179.01352
43.33738	176.5
44.846153	173.37949
46.842464	169.8927
49.05682	166.40454
51.429787	162.97021
54.5	159.15495
57.555786	155.15495
60.445564	151.47379
63.590534	147.17284
66.46525	143.25676
69.827805	138.85892
73.02281	134.59886
76.511765	130.22942
79.9004	125.49004
83.236206	121.034485
86.71731	115.96154
89.609375	111.364586
