130.16827	71.74039
128.3964	74.45721
127.09091	77.08182
125.79279	81.49324
125.86307	85.62033
126.34902	89.40196
127.816284	93.507576
129.13197	97.375465
129.812	101.674
129.79291	106.458954
128.71428	110.79592
126.674	114.94
124.40272	118.714935
122.29851	120.927864
120.24148	123.244316
118.10769	125.02564
116.583336	125.964645
114.152405	126.86898
112.65432	128.05247
111.19136	129.27777
110.370895	129.73944
109.04412	131.17157
107.33077	132.44359
105.52663	132.54437
104.29015	132.96632
101.89366	132.99095
99.704956	133.10135
96.91228	133.7215
94.82456	134.05263
92.744896	134.75714
89.85256	136.0342
86.49177	137.3107
82.61943	138.71863
78.672066	140.19434
74.624466	141.53648
70.26407	142.88745
65.99782	144.2489
61.56398	145.56161
57.01896	146.4218
53.423077	146.72253
50.044445	146.18333
47.62356	145.39368
45.40606	143.87273
43.49355	142.80646
42.11232	142.71014
41.65625	142.19318
40.72222	142.61641
40.166668	143.00282
39.595238	143.32738
39.26048	144.62276
39.23077	145.59616
39.220875	146.69417
39.767944	148.3397
40.862694	150.80312
42.030457	153.66751
42.85446	156.40845
43.058254	159.86407
43.089005	162.589
42.840313	165.85602
42.2551	168.86734
41.982857	171.41714
42.341774	174.26898
43.0	176.47267
43.824257	178.56683
45.31	181.0675
48.110527	184.17632
50.96114	186.47928
54.29581	188.65707
57.70213	190.62766
61.537037	192.5582
66.15803	195.08809
69.85602	197.45288
74.477615	199.95274
78.611115	201.76456
82.76425	202.51295
86.89737	202.83684
90.64354	202.80861
94.9218	202.51422
99.381065	202.34952
103.70918	201.92603
106.413795	200.91667
109.17416	199.5
112.0027	197.68378
114.18254	195.92857
115.94809	193.53825
117.34971	192.04047
117.703705	189.93518
117.50769	187.81282
117.091286	185.95851
115.991455	183.26282
114.473915	180.20435
112.814735	177.53125
110.75203	174.1443
108.912544	170.54942
106.986	166.398
105.169205	161.86882
103.95992	157.34924
103.37594	152.64285
103.57093	147.64014
104.36842	142.9906
105.42322	137.92322
106.87684	132.93933
109.106125	127.23878
111.375	122.09958
114.059425	117.66803
117.19957	112.94421
120.508545	108.96795
124.43096	104.55858
127.75	100.61184
130.60378	97.81604
133.85982	94.81309
136.52591	93.11658
138.96721	91.84426
141.66043	89.87968
142.77402	88.6469
143.25862	87.29556
143.68161	86.08744
143.65594	85.23267
143.22845	84.45043
142.14938	83.53112
141.03152	83.11261
139.09152	83.14286
137.8058	83.35714
136.09418	84.80269
134.78073	86.70697
133.13693	89.421165
131.63618	92.36789
130.25	95.65116
128.90762	99.094376
127.52713	102.924416
126.78189	107.201645
126.206894	111.93319
125.71573	116.770164
124.8234	121.65106
124.3176	126.56223
123.466805	131.61826
122.97718	136.32158
121.55098	141.71373
119.901855	146.36482
117.941765	150.56627
115.73319	154.46219
113.4375	158.28009
111.0198	160.84158
108.62245	163.3801
106.21717	165.27525
103.758064	167.30646
101.03197	169.45206
97.912735	171.18161
94.55366	172.2756
91.14667	172.94667
86.8408	173.97015
83.47291	175.04187
79.95049	176.5495
77.58011	178.11603
75.514366	180.02011
74.342545	181.41989
73.71429	182.70879
73.930855	184.66489
74.63536	186.74309
76.37941	189.18236
78.52865	191.1875
81.004906	193.5
83.81222	196.02036
86.73301	198.64806
90.074356	201.78719
93.055855	203.93085
95.68104	204.78735
98.474434	205.05682
100.64706	204.61765
103.579895	203.40721
106.521126	202.28404
110.2122	201.03415
113.9703	200.36386
117.79798	199.76767
122.32195	199.91951
126.625595	200.60901
131.01707	201.08293
135.68091	201.3593
140.24138	201.27339
144.35786	200.56345
147.60962	199.21123
149.84375	197.70312
152.29648	195.3794
154.7005	192.72029
157.38579	189.86041
159.92526	187.16753
161.48485	184.67879
161.69505	182.4011
161.32076	179.81133
160.40138	176.84404
158.77333	173.60222
156.39783	170.52826
153.83966	167.27426
150.97562	163.59756
147.71626	159.69444
144.184	155.992
140.57558	152.47481
136.2549	149.06471
132.1476	146.01106
127.70939	142.6787
122.97431	139.36758
118.12292	135.91875
113.46281	132.50206
108.82773	129.43698
103.416	125.94
98.227646	122.94919
93.381744	120.53112
88.14314	118.28427
82.64088	116.17063
77.19575	114.4
72.14667	112.91556
66.71951	111.34146
61.385513	110.67991
56.70398	110.48508
52.009758	110.936584
47.685863	111.625656
43.91927	113.203125
41.502563	115.53077
39.278847	118.33894
37.35533	121.61167
35.468086	124.43617
33.740837	126.74869
31.368422	129.36578
29.302198	131.1978
27.462328	132.68835
25.41	133.8
23.633333	134.96666
23.215189	136.35759
23.040983	137.53279
23.845589	139.78922
25.119047	142.08466
26.423977	144.76024
28.110552	147.89447
29.53627	151.11398
31.110552	155.3593
32.43532	159.13432
34.29235	162.87158
36.623035	166.0157
39.00971	168.43204
42.54974	171.46597
45.630543	174.11577
48.620193	177.34856
51.39109	181.0099
54.23969	184.81444
56.818626	188.86519
59.16514	192.98166
61.665817	197.82143
63.677082	202.24219
66.0101	206.08838
68.78824	209.72942
72.26687	212.20859
75.583336	214.06897
79.54891	215.69565
83.43048	216.89572
88.20977	217.99425
92.3477	218.41954
96.47895	218.4842
101.471054	218.39737
107.87297	218.32703
110.78497	218.25906
115.86264	218.1511
120.315216	217.75272
124.65964	216.76205
129.13889	215.45
133.05385	214.4641
137.25	213.75262
141.56915	213.27127
145.45294	212.45294
147.95563	211.2071
151.50995	208.69403
154.70589	205.78877
156.47354	204.24603
160.17448	201.39323
163.74864	199.01892
167.62903	195.9785
171.13408	193.28491
174.71727	190.33769
178.63583	187.83815
182.33673	185.72704
186.74138	183.6523
190.78693	181.89204
196.66357	178.81482
198.9622	177.47093
200.74843	176.69496
204.17088	175.37975
206.66206	174.7
209.66667	173.15306
211.59494	171.37975
213.22565	169.22821
214.36772	166.68518
214.66667	162.96774
214.6079	159.87895
214.42133	156.82487
213.06349	151.63228
212.22395	149.21094
210.77411	145.3401
209.08937	141.22705
207.08852	136.75359
205.2037	132.18518
203.32784	127.61556
201.3702	122.42548
199.5689	117.335556
198.42253	113.74178
196.6615	106.43363
195.61916	100.96495
194.76585	95.27317
194.28404	89.70422
193.7756	86.19756
192.89087	79.15228
192.25838	75.839714
190.38521	69.19643
189.43939	66.219696
187.54381	61.657215
185.40834	57.8
182.96945	54.341667
179.42857	49.940475
176.31213	46.988438
174.23837	45.2907
169.34593	41.65116
166.81325	39.948795
161.88312	36.935066
159.23914	35.78882
154.80435	33.897514
150.82727	32.687878
145.63608	31.313292
139.43292	29.893293
136.28107	29.23077
131.32372	28.24359
126.553894	27.598803
121.11709	27.386076
115.90566	27.355347
111.16286	27.88857
105.710526	28.748537
100.56845	29.672619
95.23653	30.838324
90.04487	31.910257
85.09936	33.397434
79.91358	34.709877
75.056885	36.224552
70.04027	38.15772
65.918304	40.30719
62.20126	43.0283
58.907974	45.800613
55.625767	48.981594
52.119633	52.242332
49.014706	54.9
45.29819	57.942772
41.45679	61.25926
37.959373	64.3875
35.060127	66.89557
32.902515	68.808174
31.704819	71.51506
31.114035	73.807014
30.821808	76.42021
31.122858	79.43143
32.181034	82.85058
33.17526	85.86598
34.72488	89.382774
36.56818	93.709595
38.39216	97.875
40.669193	101.893936
42.920673	105.83894
45.550457	109.97248
48.228973	114.71963
50.611607	119.83036
53.013454	124.81838
55.38095	129.85715
57.896187	135.19704
60.474026	140.51732
62.689426	145.94273
64.700874	151.17905
66.60652	156.84782
67.992	162.058
69.46753	167.93723
70.5558	173.41518
71.863205	178.2901
73.40238	183.52142
75.03226	187.92627
76.50254	192.81726
77.625	197.10909
79.028206	202.11539
80.07389	206.30049
81.273224	210.41257
82.70571	213.50285
84.854034	215.80435
87.02679	217.41965
88.570984	218.45062
90.19876	218.72672
91.99709	218.54942
93.73899	218.13522
94.79881	217.01775
95.62363	215.93956
96.3353	214.20882
96.39423	212.72437
95.97222	211.54445
94.71464	209.59756
93.13119	207.04208
91.74039	204.56009
89.89474	201.89473
87.98775	199.66422
85.52594	197.49529
82.69178	194.73059
80.19718	192.04695
77.6872	188.61612
75.73492	185.04958
73.63596	181.07237
72.00209	177.14853
69.73516	172.621
67.62607	167.99359
65.60213	163.17447
63.761703	158.05319
62.602566	152.92522
61.64523	147.59958
61.185345	141.98491
61.00213	136.5149
61.14706	131.10785
62.008476	125.705505
63.25974	120.47403
64.69005	115.495476
65.80751	110.79812
66.1448	106.82353
65.86468	101.93578
65.29386	97.91228
64.54977	93.64455
63.465687	89.51716
62.623627	86.24725
61.072784	83.80696
59.987732	82.04601
58.01902	80.070656
56.14412	78.59412
53.6478	76.95283
51.2	75.50625
48.658825	73.829414
46.056213	72.14793
43.74843	70.550316
42.182693	69.95192
40.753246	69.35714
39.245342	68.80746
37.737343	68.90506
36.32192	70.020546
35.817142	70.38857
35.310345	71.545975
35.162724	72.98225
35.75	74.994385
36.96648	77.248604
38.614975	79.75401
40.836067	82.20219
43.39247	84.83602
46.441025	87.628204
49.758793	90.5402
52.72195	93.71707
55.918224	97.22897
58.936935	100.96622
62.23077	104.837105
65.69643	108.61161
69.05858	112.44142
72.89712	116.65432
76.2437	121.01681
79.98659	125.53257
83.435295	130.37646
86.724014	135.34767
89.867386	140.64696
92.47925	145.91887
95.28409	151.28787
97.69454	156.28546
100.415634	161.60287
103.11554	166.79083
105.71116	172.07172
108.59442	176.82404
111.316666	181.44792
114.46625	185.99156
117.141205	190.12732
120.27955	194.51364
123.15099	198.58664
126.00971	202.43932
128.53731	206.09204
130.35373	209.37234
132.42352	212.67352
134.70938	214.85938
136.15205	215.90643
138.24043	216.72678
140.80702	216.77777
142.24374	216.60625
143.45738	216.0767
144.37166	214.72728
145.13197	213.02284
145.71356	210.39949
146.28883	207.5364
146.8119	204.4619
147.16919	201.33838
147.65384	198.17067
147.62376	194.77475
147.45392	191.54608
146.79724	187.84793
146.06097	183.62195
145.35565	179.36401
144.43907	174.4769
143.57707	169.5257
142.78514	164.55421
142.16287	159.25757
141.89114	153.72878
141.87918	148.02045
142.13367	142.38614
142.29182	136.77509
142.63368	131.5868
142.7782	126.07519
142.84015	120.35316
143.27979	114.85018
143.77838	109.369965
144.3879	104.26512
144.84541	98.94466
145.22179	93.9358
145.13347	88.56972
144.6608	84.09471
143.82553	79.376595
142.9332	74.56896
142.1621	70.49543
140.63568	66.663315
138.62927	63.236584
136.41037	60.066036
134.20045	56.637386
132.0287	53.251198
129.8732	49.42105
127.54813	45.660427
125.42663	42.301632
122.72253	39.01923
120.13684	36.68158
116.72191	34.426968
113.34967	33.69608
110.666664	33.766666
107.18285	34.368572
103.723755	35.392265
100.079094	36.833332
96.516304	38.798912
93.36968	41.23936
90.29032	44.05645
87.88461	47.084614
85.65206	50.48969
83.86453	53.923645
82.2598	58.009804
80.92237	61.8105
79.79597	66.33408
78.97545	70.841515
78.30625	75.441666
77.997795	80.14097
77.292534	84.6473
76.66017	89.79005
75.51025	94.6291
74.076614	99.979836
72.42085	104.78571
70.57317	109.89634
68.6749	114.68107
66.59796	119.457146
64.84361	124.03084
63.146694	128.67561
62.486362	133.30455
62.58266	137.47783
63.367348	141.85715
64.35328	145.85521
65.455284	150.37602
65.67871	154.82129
65.625	159.28947
65.11837	163.94081
64.13034	168.57265
63.148403	172.85617
62.413612	176.22252
62.3801	179.74234
63.206215	182.07628
64.84507	184.3216
67.3871	186.69354
70.42857	188.87381
73.83575	190.70049
77.5	192.56165
81.479454	194.45433
85.98357	196.64319
90.14904	198.60336
94.94019	200.75359
99.50474	202.91469
104.28293	204.8561
108.6555	206.86842
113.29798	208.35353
117.94853	209.41422
122.52538	209.84518
126.89594	209.69797
130.79639	208.74226
134.39189	207.64325
137.29639	205.9768
139.50815	204.0
141.21762	201.5
142.42857	199.15025
142.80527	196.63158
142.82178	193.91336
142.65721	190.75764
142.31697	187.40848
141.76697	184.32353
140.13658	181.34953
138.35776	178.59698
136.4752	175.91942
134.1617	172.5702
131.9498	169.32732
129.43774	165.80121
